ar_reg=0.00325133799075842,
d_hidden=21.0,
learning_rate=0.0010380981438824243,
num_hidden_layers=22.0,
seasonality_reg=2.087540916891761,
trend_reg=0.012092073216673523,

RMSE:  8.533691590418774
RMSE:  8.533691590418774
