ar_reg=90.0
d_hidden=10.232788530711975
learning_rate=1.9000000000000001
num_hidden_layers=14.680704090297118
seasonality_reg=99.80000000000001
trend_reg=7.6000000000000005
