ar_reg=96.0,
d_hidden=7.3358357930990366,
learning_rate=2.9000000000000004,
num_hidden_layers=8.992687047046287,
seasonality_reg=22.200000000000003,
trend_reg=5.1000000000000005,
